# relative_time, cycles_done, cur_item, corpus_count, pending_total, pending_favs, map_size, saved_crashes, saved_hangs, max_depth, execs_per_sec, total_execs, edges_found
61, 48, 2, 5, 0, 0, 18.75%, 0, 0, 1, 6436.33, 393066, 3
66, 53, 2, 5, 0, 0, 18.75%, 0, 0, 1, 6488.88, 425945, 3
71, 57, 2, 5, 0, 0, 18.75%, 0, 0, 1, 6580.14, 459559, 3
76, 61, 2, 5, 0, 0, 18.75%, 0, 0, 1, 6436.53, 492465, 3
81, 65, 2, 5, 0, 0, 18.75%, 0, 0, 1, 6464.00, 525565, 3
87, 69, 2, 5, 0, 0, 18.75%, 0, 0, 1, 6495.66, 559345, 3
92, 73, 2, 5, 0, 0, 18.75%, 0, 0, 1, 6483.07, 592826, 3
97, 77, 2, 5, 0, 0, 18.75%, 0, 0, 1, 6477.14, 626176, 3
102, 81, 2, 5, 0, 0, 18.75%, 0, 0, 1, 6474.51, 659265, 3
107, 86, 2, 5, 0, 0, 18.75%, 0, 0, 1, 6406.97, 692165, 3
112, 90, 2, 5, 0, 0, 18.75%, 0, 0, 1, 6382.82, 725197, 3
117, 94, 2, 5, 0, 0, 18.75%, 0, 0, 1, 6423.08, 758015, 3
122, 98, 2, 5, 0, 0, 18.75%, 0, 0, 1, 6478.58, 791365, 3
128, 102, 2, 5, 0, 0, 18.75%, 0, 0, 1, 6514.65, 824765, 3
133, 106, 2, 5, 0, 0, 18.75%, 0, 0, 1, 6450.30, 858015, 3
138, 110, 2, 5, 0, 0, 18.75%, 0, 0, 1, 6466.30, 891165, 3
143, 114, 2, 5, 0, 0, 18.75%, 0, 0, 1, 6484.30, 924153, 3
148, 119, 2, 5, 0, 0, 18.75%, 0, 0, 1, 6614.60, 958215, 3
153, 123, 2, 5, 0, 0, 18.75%, 0, 0, 1, 6497.31, 991415, 3
158, 127, 2, 5, 0, 0, 18.75%, 0, 0, 1, 6401.93, 1024072, 3
163, 131, 2, 5, 0, 0, 18.75%, 0, 0, 1, 6443.69, 1057294, 3
169, 135, 2, 5, 0, 0, 18.75%, 0, 0, 1, 6477.20, 1090645, 3
174, 139, 2, 5, 0, 0, 18.75%, 0, 0, 1, 6469.06, 1123865, 3
179, 143, 2, 5, 0, 0, 18.75%, 0, 0, 1, 6502.71, 1157345, 3
184, 147, 2, 5, 0, 0, 18.75%, 0, 0, 1, 6434.61, 1190065, 3
189, 152, 2, 5, 0, 0, 18.75%, 0, 0, 1, 6432.64, 1223150, 3
194, 156, 2, 5, 0, 0, 18.75%, 0, 0, 1, 6409.44, 1256115, 3
199, 160, 2, 5, 0, 0, 18.75%, 0, 0, 1, 6427.99, 1289015, 3
205, 164, 2, 5, 0, 0, 18.75%, 0, 0, 1, 6479.73, 1322315, 3
210, 168, 2, 5, 0, 0, 18.75%, 0, 0, 1, 6405.53, 1354915, 3
215, 172, 2, 5, 0, 0, 18.75%, 0, 0, 1, 6426.18, 1387916, 3
220, 176, 2, 5, 0, 0, 18.75%, 0, 0, 1, 6448.87, 1421115, 3
225, 180, 2, 5, 0, 0, 18.75%, 0, 0, 1, 6405.32, 1454043, 3
229, 183, 2, 5, 0, 0, 18.75%, 0, 0, 1, 6396.91, 1478264, 3
